2 8 65

585 100

190
  1023   1024   1025   1026      0      0   1027      0      0   1028
  1029   1029   1029   1029   1030   1029   1030   1029   1029   1029
  1030   1029   1029   1029      0   1029   1030   1029   1029   1029
  1031   1032   1033   1034   1031      0   1035   1036      0      0
     0   1037   1038   1039      0   1040   1041   1042   1043      0
     0   1044   1045   1046   1047   1048   1049   1050   1051   1052
  1053   1054   1055   1056   1057   1058   1058   1058   1058   1058
  1058   1058   1059   1030   1060   1061      0      0      0      0
  1062   1063      0   1064   1065   1066   1067   1030   1030   1068
  1069   1070      0      0   1071   1072   1073      0   1074   1075
     0   1076   1077   1078   1079   1080   1081   1082   1083   1084
  1085   1086   1087      0   1088   1089   1090   1091   1092      0
  1093   1094   1095   1096   1097   1098   1099   1100   1101   1102
  1103   1104      0   1105      0   1106      0      0   1107   1108
  1109   1110   1111   1112   1113   1114      0   1115   1116   1117
  1118   1118   1119   1120   1121   1122      0   1123   1124      0
     0      0      0      0      0      0      0      0      0      0
     0      0      0      0      0      0      0      0      0   1125
  1126      0      0      0      0      0   1127   1128      0      0

  1129   1130   1131   1132   1133   1134   1135   1136   1137   1138
  1139   1139   1139   1139   1140   1139   1140   1139   1139   1139
  1140   1139   1139   1139   1141   1139   1140   1139   1139   1139
  1142   1142   1142   1142   1142   1143   1144   1145   1146   1147
  1148   1149   1150   1151   1152   1153   1154   1155   1156   1157
  1157   1158   1158   1159   1160   1161   1162   1163   1164   1165
  1166   1167   1168   1169   1170   1171   1171   1171   1171   1171
  1171   1171   1172   1140   1173   1174   1175   1176   1177   1178
  1179   1180   1181   1182   1183   1184   1185   1140   1140   1186
  1187   1188   1189   1190   1191   1192   1193   1194   1195   1196
  1197   1198   1199   1200   1201   1202   1203   1203   1203   1204
  1204   1203   1203   1205   1206   1207   1208   1209   1210   1211
  1212   1213   1214   1215   1216   1217   1218   1219   1220   1221
  1222   1223   1224   1225   1226   1227   1228   1229   1175   1230
  1231   1232   1233   1234   1235   1236   1237   1238   1239   1240
  1241   1241   1242   1243   1244   1245   1246   1247   1248   1242
  1249   1249   1249   1249   1249   1250   1251   1251   1251   1251
  1251   1251   1251   1251   1251   1251   1252   1253   1254   1255
  1256   1257   1258   1259   1259   1259   1260   1261   1262   1263

     1      5     10     15     20     29     39     40     47     54
    64     68     71     74     77     78     81     82     86     91
    94     95    101    104    108    112    117    118    122    126
   129    135    141    146    152    158    167    171    174    188
   195    203    206    210    215    220    222    224    227    230
   233    236    238    241    243    246    249    252    255    258
   260    264    267    269    270    272    275    279    282    286
   292    295    299    302    303    307    316    317    318    322
   326    331    336    363    366    370    374    378    379    380
   382    386    388    395    398    401    403    404    408    411
   413    420    422    424    429    432    435    442    447    454
   458    462    469      0    474    477    479    481    483    484
   493    495    505    507    509    512      0    513      0    515
   517    524    529    536    538    539    541    548    575    577
     0    578    581    584    588    595    597    600    603    606
   609    610      0      0    611    620    621    627    631    634
   644    657    678    699    701    713    728    736    744    752
   760    768      0      0      0      0    776    803    807    813
   815    817    826    831    840    842      0    850    855    859

     0      0      0      0      1      2      0      3      4      0
     0      0      0      0      0      0      0      0      0      0
     0      0      0      0      5      0      0      0      0      0
    11     11     11     11     11      6      0      0      7      8
     9      0      0      0     10      0      0      0      0     12
    12      0     13      0      0      0      0      0      0      0
     0      0      0     14      0      0      0      0      0      0
     0      0      0      0     15     15     16     17     18     19
     0      0     20      0      0      0      0      0      0      0
     0      0     21     22      0      0      0     23      0      0
    25      0     27      0      0      0      0      0      0     28
    28     29      0     30      0     31      0     32      0     33
     0      0      0      0      0      0      0      0      0      0
     0      0     34      0     35      0     58     36      0      0
    37      0      0      0      0      0     24      0      0      0
     0      0      0      0     26      0     48      0      0     47
    42     41     40     39     38     51     45     45     44     44
    43     43     39     39     39     39     46     50     49      0
     0     52     53     54     55     56     57      0     59     60

     5      0      0      0      0     10      0      0     25      0
     0      0      0      0      0      0      0      0      0      0
     0      0      0      0      0      0      0      0      0      0
     0      0      0      0      0      0      0      0      0      0
     0      0      0      0      0      0      0      0      0      0
     0      0      0      0      0      0      0      0      0      0
     0      0      0      0      0      0      0      0      0      0
     0      0      0      0      0      0      0      0      0      0
     0      0      0      0      0      0      0      0      0      0
     0      0      0     30      0      0      0      0      0      0
     0     10     25      0      0      0      0      0      0      0
     0      0      0      0      0      0      0      0      0      0
     0      0      0      0      0      0      0      0      0      0
     0      0      0      0      0      0      0      0      0      0
     0     10      0      0      0      0      0      0      0      0
     0      0      0      0      0      0      5     10      0      0
     0      0      0      0      0     15      0      0      0      0
     0      0      0      0      0      0     15     20      0      0
     0      0      0      0      0      0     35      0      0      0

  8192  25632  25632  25632  25632  25664   8256  25664   8192   8192
  8192   8192   8192   8192   8192   8192   8192   8192   8192   8192
  8192   8192   8192   8192   8192   8192   8192   8192   8192   8192
 25632  25632  25632  25632  25632  25632   8192   8192   8704   4128
  8704   8704   4128   8192   8192   8192   8192   8192   8192   8192
 24576   8192   8192   8192   8192   8192   8192   8192   8192   8192
  8192   8192   8192   9216   8192   8192   8192   8192   8192   8192
  8192   8192   8192   8192   9216   9216   8192   9216   8192   8192
  8192   8192   8192   8192   8192   8192   8192   8192   8192   8192
  8192   8192  24576  24576   8192  25600  25600  25088  24576   8192
  8192   8192   8192   8192  24576  26144   5664   5664   5664   9728
  9728   5664   5664   8192   9728   9728   9728   8192   8224   9728
 25632  25120  25632  25632  25632   8192   3104   3104   3104   3104
  8192   8192   8192   8192  24576   8192   8192   8192   8192   8192
  8224   8320   8320   8192   8192   8192  24608   8192   8192   8192
  8192   8192   8192   8192  24576   8192   8208  24592  24592  24592
 24592  24592  24592  24592  24592  24592  24592  24592  24592  24592
 24592  24592  24592  24592  24592  24592  24592  24592  24592  24592
 24592  24592  24592  24592  24592  24592  24592  24576  24576  24576

886
  3155   7178  10277 -31707   1027   5124   7199 -29440   1623   7170
  3077   1057 -27392   1624   7170   3077   5152 -31488   1624   1027
  5124   3108   7942      0     63 -18682      0     63   7176   9223
 10496   1625   3845      0     63 -17659      0     63 -22522   3078
  7782   1626     13 -21751      0     66   3082   5202   7424   1627
-22776      0     66   7177   3665   1628      1   1537   1628      1
-27125   1628      1   7178   1035   5132 -29682   5131   1038 -29683
  7180   1038 -23536   7181   1035 -29681 -27634   3089   1037 -26606
-25584  10256   3091   7186 -23530   9245   7186   2063   3092 -27618
  2067   7188 -28651 -31724   1042   3096  10263   5148   7194 -24554
  3094   7196 -23528   2073  10263   8220 -26598  10020    214     65
-26600   7184   6168   3100   9238 -31717 -27622   3094  10266   5143
-25576   7198   8221   2067 -27629   7197   5139 -30619   1055   3105
  5152   7199 -23296   1629   1028   3108   5154   7199 -23296   1629
  1056   3108   5156   7171 -23405   3197   1059   5154   7200 -23296
  1629   1059   4221   5154   7200 -23296   1629  11033    214     65
  6149   4131   1060   3108   7201 -27616   5121  10279   3157 -25562
  7205   3151 -24532  11304   7210   5669   1630    275   9776   1631
   275  15912   1632      6 -31192   1632      6   1065   5159   9259
 10496   1633 -20224   1634   1071  11304  15912   1632      6 -27096
  1632      6  11307   3111 -31699  12330  10280 -23296   1635   9261
  5252 -29146   1636    275   1066   3116 -25042      0      8   7304
-27603   4137 -23500   8231   3170 -27565   3159   7252 -23466   7224
  1078 -29644   7225   1079 -29643   1074 -22481   1079   7219 -22435
  5170 -26568   5173   6195 -31649   3122   7226 -31690   3123 -31488
  1637   3128  10249 -31685   5178   8252 -30659   7246 -27589   7227
  1086 -22272   1638   5181   7231 -30654  10304 -29634 -23489  10313
-23480   1093   6211 -29634   5186   7238   9284 -30651   7235   2118
-29626   9286   2119   5186 -25533  10311   1096   7235   5188   9284
-29627   4165   9286 -24504   3138   7238  10305 -27577   2122   5195
-23487 -27575   1097 -26036   1639     29   3149   9472   1640  14923
  1639     29 -30133   1639     29 -24500 -29636   3110 -21936   1641
     7   7248  10321 -23296   1642   1106   5224   3082 -23296   1643
  7177   1105   5225 -22272   1644   1626      0    516   5722      0
   516   3679      0    516   7681      0    516   8752      0    516
  2644      0    516   4665      0    516   6667      0    516 -17864
     0   1284   1109   2097 -27565   5157   3156 -22272   1645   5169
  3170 -25344   1646   5169   3190   1112 -25511 -26537 -29609   1107
-28581  10330 -29092   1647     10   3215 -25509   9269   3678   1648
    11 -18850   1648     11   3209  14429 -25507   7251   3127 -23456
  7263 -29599 -25504   5168  10346   3158 -31645   5218   1124 -29596
  5219 -25501   7198   1638   1649     13 -22937   1650     12   5221
-29688  10341 -29508   1105   8297 -23034   1651    782   1106   5224
-25452   1122   9314 -21397   7274  12394  10348   9472   1652 -29440
  1653  10349   9472   1652 -29440   1653  10352   3182   7285   9472
  1652 -20224   1634  11373 -27025   1654     30  11376 -31122   1654
    30  10353   3183   7284  12544   1634 -23296   1652  10354   7283
 12403 -23296   1652  11377   1140 -27528  11376 -27533  11373 -24458
  5237 -24489 -18312  10354   1139  13431   3705      0     27 -22919
     0     27   3194 -25480   4219   9849      0     27   8825      0
    27 -24967      0     27   1146 -23428   9341 -22405  10364   5154
-25565 -31608   7299 -20349  12421 -25467  11392   5254  10496   1655
-24962      0     17   3116  10496   1656 -17152   1657  11394   5255
 10496   1658 -24962      0     17   1155 -18301 -31611   5246 -25554
  7262   1949      0    119 -18531      0    119   1675      0   1056
  5771      0   1056   3723      0   1568   7819      0   1056   2704
     0   1056   4752      0   1568   6800      0   1056   8848      0
  1056 -17776      0   1568   7306 -27508 -31605   3216 -22272   1658
  7260 -23296   1659   7310   8330 -29440   1660   3218   8448   1661
  7424   1661 -22272   1661  14481 -25455  10273 -23296   1662   8341
  2198 -27543   1175   5268 -25445   1176   5268 -29541 -27500 -27500
  1280   1663   7829   1664   1824   3734   1664   1824 -27492 -31589
 15241      0    119 -26743      0    119   1183  10399 -27392   1665
  5278   9374 -31584   1697      0   2080   2721      0   2080   8865
     0   2080 -27489   1698      0   2080   2722      0   2080   8866
     0   2080   5280 -18767   1666   2336   1699      0   2080   2723
     0   2080   8867      0   2080   5793      0   2080   4769      0
  2080   6817      0   2080 -18767   1666   2336   1700      0   2080
  2724      0   2080   8868      0   2080   5794      0   2080   4770
     0   2080   6818      0   2080 -18767   1666   2336   1189 -27485
  1190   2214   8358   5796      0   2080   4772      0   2080 -25948
     0   2080   1970      0    173  14258      0    173   5797      0
  2080   4773      0   2080 -25947      0   2080  14001   1666   2336
  7857   1666   2336   1186 -27488  14001   1666   2336   3761   1666
  2336   1186 -27488  14001   1666   2336   7857   1666   2336   1187
-27487  14001   1666   2336   3761   1666   2336   1187 -27487  14001
  1666   2336   7857   1666   2336   1188 -27486  14001   1666   2336
  3761   1666   2336   1188 -27486   1697      0   2592   5793      0
  2592   3745      0   2592   7841      0   2592   2721      0   2592
  8865      0   2592   4769      0   2592   6817      0   2592 -17759
     0   2592   1203 -26714      0    173   7348   3253   1976      0
  2988 -27470   5299 -31562   1206 -27469   3253   7348   1207   6072
     0    175 -18504      0    175   5302   1280   1667 -22272   1667
 15286      0    175   1974      0    175 -26701   1668   2988 -18176
   778   1280    778   6075      0    172 -17477      0    172   5309
  7271 -21826      0   3104   1212 -28994   1669   3373   1726      0
  3616   2750      0   3616   3774      0   3616   4798      0   3616
  5822      0   3616   6846      0   3616   7869      0   3616   8894
     0   3616 -22852      0   3616      0

216
  1264   1265   1266   1267   1268   1269      0   1270   1271   1272   1273   1274
  1275   1276   1277   1278      0   1279    436   1280   1281   1282   1283   1284
  1285   1286   1287      0      0   1288   1289   1290   1291   1292   1293      0
  1294   1295   1296   1297   1298      0   1299      0   1300   1301   1302   1303
  1304   1305   1306   1307   1308   1309   1310   1311   1312      0   1313   1314
   503   1315      0      0      0      0      0      0      0      0      0      0
     0      0      0      0      0      0      0      0      0      0      0      0
  1316   1317   1318   1319   1320   1321   1322   1323      0   1324   1325   1326
  1327   1328      0      0      0   1329   1329   1330      0   1331      0   1332
  1333   1334   1335   1336   1337   1338   1339   1340   1341   1342      0   1343
  1344   1345   1346   1347   1348   1349      0      0      0      0      0   1350
  1351   1352      0      0   1353   1354   1355   1356   1357   1358   1359      0
     0      0      0   1360   1361      0      0   1362   1363   1364   1365   1366
  1367   1368      0      0      0      0      0      0      0      0      0      0
     0      0      0      0      0      0      0      0      0      0      0      0
     0      0      0      0      0   1369      0   1370      0      0      0      0
     0      0      0      0      0      0      0      0      0      0      0      0
     0      0      0      0      0      0      0      0      0      0   1371      0

  1372   1373   1374   1375   1376   1377   1378   1379   1380   1381   1382   1383
  1384   1385   1386   1387   1388   1389   1390   1391   1392   1393   1394   1395
  1396   1397   1398   1399   1399   1400   1401   1402   1403   1404   1405      0
  1406   1407   1408   1409   1410      0   1411   1412   1413   1414   1415   1416
  1417   1418   1419   1420   1421   1422   1423   1424   1425   1426   1427   1428
  1429   1430   1431   1432   1433   1434   1434   1434   1434   1435   1436   1437
  1438   1439   1440   1441   1442   1443   1444   1444   1444   1444   1445   1446
  1447   1448   1449   1450   1451   1452   1453   1454   1455   1456   1457   1458
  1459   1405   1460   1461   1462   1463   1463   1464   1465   1466   1467   1468
  1469   1470   1471   1472   1473   1474   1475   1476   1477   1478   1479   1480
  1481   1482   1483   1484   1485   1486   1444   1444   1444   1487   1487   1488
  1489   1490   1491   1492   1493   1494   1495   1496   1497   1498   1499   1500
  1500   1501   1502   1503   1504   1505   1506   1507   1508   1509   1510   1511
  1512   1513   1514   1515   1516   1517   1518   1519   1520   1521   1522   1523
  1524   1525   1526   1527   1528   1529   1530   1531   1532   1533   1534   1535
  1536   1537   1538   1539   1540   1541   1542   1543   1544      0      0      0
  1545   1546   1547   1548   1549   1550   1551   1552   1553   1554   1555   1556
  1557   1558   1559   1560   1561   1562   1563   1399   1564   1565   1566   1567

  1568      0      0      0      0      0      0      0      0      0   1569   1570
  1571   1572   1573      0      0      0      0      0   1574   1575      0      0
     0      0      0      0      0      0   1576   1577      0   1578      0      0
     0      0      0      0      0      0      0      0   1579   1580   1581   1582
  1583      0      0      0      0      0      0      0      0      0      0   1584
     0      0      0      0      0      0      0      0      0      0      0      0
     0      0      0      0      0      0      0      0      0      0      0      0
  1585      0      0      0      0      0      0   1586      0      0      0      0
     0      0      0      0      0      0      0   1587      0      0      0   1588
     0      0      0      0      0      0      0      0      0      0      0      0
  1589   1590      0      0      0      0      0      0      0      0      0      0
     0      0      0      0      0      0      0      0      0      0      0      0
     0      0      0   1591   1592      0      0      0   1593   1594      0      0
  1595   1596      0      0      0      0      0      0      0      0      0      0
     0      0      0      0      0      0      0      0      0      0      0      0
     0      0      0      0      0      0      0   1597      0      0      0      0
     0      0      0      0      0      0      0      0      0      0      0      0
     0      0      0      0      0      0      0      0      0      0      0      0

     0      0      0      1      0      0    100      0      2      3    101      4
     0      5      6      0      7    102    103      0    104      0      0      8
     0      0      0      9      9    105      0      0      0      0     10     10
     0      0      0      0      0     11      0      0      0      0    106    107
     0      0    108      0      0     12      0      0      0    109     13     14
   110      0    111     15     16     17     18     18     18     19      0      0
   112      0      0      0      0     20     21     21     21     21    113      0
     0      0     22     23      0     24      0    114      0      0      0      0
     0    115      0      0     25      0      0      0     26      0      0      0
   123     27     28      0      0      0      0      0      0      0    130    116
    29      0      0      0      0    117    118    118    118      0      0    119
     0      0      0      0    120    121    122    122    122     30      0      0
     0      0     37     32      0      0     33     34      0     35      0      0
    36     36    125    125    125    125    126    126      0      0     41      0
     0     42     43     44     45     46     47     48     49      0      0      0
     0    129      0      0      0      0     52      0      0      0      0      0
   124      0      0      0      0     38     31      0      0      0     39      0
    40     40     40     40    101    127      0     50     51      0    128    131

-24432 -23552 -23552 -24576 -24560 -24576 -32640 -24576 -30592 -22400 -24320 -24576
-24576 -24576 -24512 -24576 -32256 -24560 -32736 -32768 -24576 -24576 -24572 -32768
-24576 -24576 -24576 -32224 -32224 -32736 -24576 -24576 -24448 -24499 -30720 -32256
-24576 -24576   8320 -24576 -16384 -32224 -24448 -15872   8192 -24576  -8048 -24503
 -8176  -8176  -8192  -8176 -32640  -8064 -24572 -24572 -24572 -32736 -24448 -24560
-32736 -32768 -28160 -32254 -28160   4608 -11776 -28160 -28160 -32254 -32768 -32768
-32256 -32256 -32256 -32256 -32256 -32256 -32256 -32256 -32256 -32256 -32256 -32256
  8192   8192 -24560 -24560 -24572 -24560  -8176 -24576 -32768 -24448 -24576 -24572
-24576 -32768 -32640 -32768 -32768 -32768 -32768  -8192 -32640  -8176 -32768 -24576
-24576 -24560 -32736  -8176 -24576  -8048  -8048  -8048  -8048  -8176 -11776 -32768
-24576  -8176 -30720 -24576 -32256 -32768 -32256 -32256 -32256 -15872 -15872 -22528
-32736   8192 -32768 -32768 -32768 -23552  -7168  -7168  -7168 -32736  -8176 -32256
-32256 -32256 -32256  -8176  -8176 -15872 -32256 -32736 -24560 -24448 -24448 -24576
-24576 -24576 -32256 -32256 -32256 -32256 -32256 -28160 -32256 -32256 -32256 -32256
-32256 -32256 -32256   4608 -28160 -28160 -28160 -32256 -32256 -32256 -32256 -32256
-32256 -32256 -32256 -32256 -32256  -8176 -32256  -8192 -32256      0      0 -32256
-32256 -24064 -24064 -32256 -32256 -32256 -32768 -32252 -32252 -32256 -32256 -32256
-32256 -32256 -32256 -32256 -30720 -32224 -32256 -32256 -32256 -32256 -32736 -32256

     0      0      0     32      0      0      0      0      0      0     32   4096
   512    512      0      0     32      0    128    512    512      0      0     32
     0   8192      0     32     32      0      0      0   8192      0     40      0
     0      0      0      0   8192      0      0   8192      0      0      0      0
     0      0      0      0      0      0      0      0      0    128      0      0
   128    512      0      0      0      0      0      0      0      0      0      0
    32      0      0      0      0      0      0      0      0      0     32   2048
     0      0      0      0      0     10      0      0      0 -32768      0      0
     0     10      1      0   4096      0      0      0      0      0      8      0
     9      0      0      0      0      0      0      0      0      0     32   8224
     0      0      0      0      0   8224      0      0      0 -32768 -32768      0
     0      0      0      0     10      0      0      0      0   9216      0   2048
  2048   2048   2048   8192   8192      0      0    128      8      0      8      0
     0      0      0      0      0      0      0      0      0      0      0      0
     0      0      8      0      0      0      0      0      0      0      0      0
     0      0      0      0      0      0      8      0      0      0      0      0
   128     16     16      0      0      0      0      0      0      0      0      0
     0      0      0      0      0    128      0      0      0      0   9216      0

     0      0      0      0      0      5      0     10      0      0      0      0
     0      0      0      0      0      0      0      0      0      0      0      0
    10     12      9      0      0      0     15      4      3     14      0      0
     5      0      0     10      0      0      2      0     15      0      0      0
     0      0      0      0      0      0      0      0      0      0     10      4
     0      0      0      0      0      0      0      0      0      0      0      0
     0      0      0      0      0      0      0      0      0      0      0      0
    10     10      0      0      0      0      0      0      0      0      5      0
     0      0      0      0      0      0      0     10      0      0      0     15
     0      0      0      0      0      0      0      0      0      4      0      0
     0      0      0      0      0      6      0      0      0      0      0      0
     0      5      0      0      0      0      0      0      0      0      0      0
     0      0      0     10     10      0      0      0      0      5      0      1
     6      0      0      0      0      0      0      0      0      0      0      0
     0      0      0      0      0      0      0      0      0      0      0      0
     0      0      0      0      0      0      0     15      0      0      0      0
     0      0      0      0      0      0      0      0      0      0      0      0
     0      0      0      0      0      0      0      0      0      0      0      0

     0      0      0      0      0      5      0      6      0      0      0      0
     0      0      0      0      0      0      0      0      0      0      0      0
     5     10      5      0      0      0      8     11      7      6      0      0
     3      0      0     10      0      0      5      0      8      0      0      0
     0      0      0      0      0      0      0      0      0      0     10      7
     0      0      0      0      0      0      0      0      0      0      0      0
     0      0      0      0      0      0      0      0      0      0      0      0
    10     13      0      0      0      0      0      0      0      0     10      0
     0      0      0      0      0      0      0     12      0      0      0     10
     0      0      0      0      0      0      0      0      0     10      0      0
     0      0      0      0      0      6      0      0      0      0      0      0
     0      5      0      0      0      0      0      0      0      0      0      0
     0      0      0     15      5      0      0      0      0      5      0      1
     2      0      0      0      0      0      0      0      0      0      0      0
     0      0      0      0      0      0      0      0      0      0      0      0
     0      0      0      0      0      0      0     10      0      0      0      0
     0      0      0      0      0      0      0      0      0      0      0      0
     0      0      0      0      0      0      0      0      0      0      0      0

     3      5      5     10     20     10  10000      5  10000      5      4     10
     5     30     15      5  10000     25  10000     25     20     20     10  10000
    15     20     10  10000  10000  10000      5     20     55     20  10000  10000
    10     50     40     10      5  10000     10      5     35      5      5     10
     5      2      2      2  10000     10      6     10      5  10000     10     15
 10000     10      5      5      5      5      5      5      5      5      5      5
     5      5      5      5      5      5      5      5      5      5      5      5
    15      8     20     20      5     20      2      3      5     10      5     15
    20     70  10000  10000  10000  10000  10000     10  10000      1  10000     10
     9      1  10000      1     40     10     10     10     10      1      5      5
    15     70  10000     60      0     10      5      5      5      5      5     10
     0      8  10000  10000    100     10      4      4      4      0      3      5
     5      5      5     10     25      5      5      5     20      6      6      5
     5      5      5      5      5      5      5      5      5      5      5      5
     5      5      5      5      5      5      5      5      5      5      5      5
     5      5      5      5      5      4      5      4      5      0      0      0
     0      0      0      0      0      0      0      0      0      0      0      0
     0      0      0      0      0      0      0      0      0      0      0      0

    15      0      0      0      0      0     50      0  10000      4      0      0
     0      0      0      0      0      0      2      0      0      0      0      0
     0      0      0      0      0      0      0      0     35      0     50      0
     0      0     20      0      0      0      5      0      0      0      0      0
     0      0      0      0     10      7      0      0      0  10000      5      0
     5      0      0      0      0      0      0      0      0      0      0      0
     0      0      0      0      0      0      0      0      0      0      0      0
     0      0      0      0      0    100      0      0      0     20      0      0
     0    100      6      0      0      0      0      0     15      0     10      0
     2      0      0      0      0      2      2      2      2      0      0      0
     0      0  10000      0      0      0      0      0      0      0      0      5
     0      0      0      0    100      0      0      0      0      0      0      0
     0      0      0      0      0      0      0      0     20      6      6      0
     0      0      0      0      0      0      0      0      0      0      0      0
     0      0   1000      0      0      0      0      0      0      0      0      0
     0      0      0      0      0      0      4      0      0      0      0      0
     0      0      0      0      0      0      0      0      0      0      0      0
     0      0      0      0      0      0      0      0      0      0      0      0

     6      0      0      0     74     78     77      0      8      6      0      7
     7      8      8      0      8     36     10      0     16     16     16     16
    16     49     92     50     51     45     46     47     44     80     61     76
    64     75     83      0     90     93     95     96     40     96     97     97
    99      8     99      0      2    100      0    100    100    101    103    105
   190      0      5     98     25      8      8      2     91     77      0     93
    94     98     79     93     98    100    100    100    100    100     78    120
   122    116    106      0     41      0      0    106    120    112      0    118
   118    126      0      0      0    131    133    131    135      0    135      0
     7     42      0      0      0    134    134    134    134      0    137    137
   137    137      0      0    141    140    139    139    139    143    142    146
   146    146    144    145    143    144    144    144    144    138    138    147
    33    123    110    154    156    155    155      0    147      0      0      0
     0      0    177    177    177    177    177    177    177    177    177    177
   177    159    160    179    166    185    182    183    183    183    183    183
   183    183    183    183    183    188  26000  18500  26000      0      0      0
     0      0      0      0      0      0      0      0      0      0      0      0
     0      0      0      0      0      0      0      0      0      0    178      0

     0      0      0      0      0      0      0      0      0      0      0      0
     0      0      0      0      0      0      0      0      0      0      0      0
     0      0      0      0      0      0      0      0      0      0      0      0
     0      0      0      0      0      0      0      0      0      0      0      0
     0      0      0      0      0      0      0      0      0      0      0      0
     0      0      0      0      0      0      0      0      0      0      0      0
     0      0      0      0      0      0      0      0      0      0      0      0
     0      0      0      0      0      0      0      0      0      0      0      0
     0      0      0      0      0      0      0      0      0      0      0      0
     0      0      0      0      0      0      0      0      0      0      0      0
     0      0      0      0      0      0      0      0      0      0      0      0
     0      0      0      0      0      0      0      0      0      0      0      0
     0      0      0      0      0      0      0      0      0      0      0      0
     0      0      0      0      0      0      0      0      0      0      0      0
     0      0      0      0      0      0      0      0      0      0      0      0
     0      0      0      0      0      0      0      0      0      0      0      0
     0      0      0      0      0      0      0      0      0      0      0      0
     0      0      0      0      0      0      0      0      0      0      0      0

     0      1      1      0      0      0      0      0      0      0     10      0
     0      0      0      0      0      0      0     19      0      0      0      0
     0      0      0      0      0      0      0      0      0      0      0      0
     0      0      0     39      0      0      0      0      0      0      0      0
     0      0      0     53      0      0     54      0      0      0      0      0
     0     61      0      0      0      0      0      0      0      0      0      0
     0      0      0      0      0      0      0      0      0      0      0      0
     0      0      0      0      0      0     90      0      0      0     94      0
     0      0     98     98     98      0      0      0      0    105      0    105
     0      0      0      0      0      0      0      0      0    116      0      0
     0      0      0      0      0      0      0      0      0      0      0      0
     0      0      0      0      0      0      0      0      0      0      0      0
     0      0      0      0      0      0      0      0      0    153      0      0
   154    155      0      0      0      0      0      0      0      0      0      0
     0      0      0      0      0      0      0      0      0      0      0      0
     0      0      0      0      0      0      0      0      0      0      0      0
     0      0      0      0      0      0      0      0      0      0      0      0
     0      0      0      0      0      0      0      0      0      0      0      0

     0      0      0      0      0      0      0      0      0      0      0      0
     0      0      0      0      0      0      0      0      0      0      0      0
     0      0      0      0      0      0      0      0      0      0      0      0
     0      0      0      0   1598      0      0   1599      0      0   1600      0
  1601   1602   1603   1604      0   1605      0      0      0      0      0      0
     0      0      0      0      0      0   1606      0      0      0      0      0
     0      0      0      0      0      0      0      0      0      0      0      0
     0      0      0      0      0      0   1607      0      0      0      0      0
     0      0      0      0      0      0      0   1608      0   1609      0      0
     0      0      0   1610      0   1611   1611   1611   1611   1612   1613      0
     0   1614      0      0      0      0      0      0      0   1615   1616      0
     0      0      0      0      0      0      0      0      0      0   1617      0
     0      0      0   1618   1619   1620      0      0      0      0      0      0
     0      0      0      0      0      0      0      0      0      0      0      0
     0      0      0      0      0      0      0      0      0      0      0      0
     0      0      0      0      0   1621      0   1622      0      0      0      0
     0      0      0      0      0      0      0      0      0      0      0      0
     0      0      0      0      0      0      0      0      0      0      0      0

15
  63  65  66  84 119 146 146 147 172 172 172 173 174 175 189
   6  36   9 122 157 124 125 111 184 186 187 181 186 184 189

24
   0   0 350   0   0   0   0   0   0   0   0   0   0   0   0  -1   0   5  12   0   0   0   0   0
   1   2   3   4   5   6   7   8   9  10  11  12  13  14  15  16  17  18  19  20  21  22  23  24
   F   T   F   T   T   T   T   T   T   T   T   T   T   T   F   F   T   F   F   T   F   T   T   F

3
  19  61  58
   0   0   0
   0   0   0
  14  13   0
   4   5   3

3
   2 138 178
   0   0   0
   0   0   0
 193 142 215
   0   1   2
   0   3   3
   0   0   0

191 885

1669
    -1     -2     -3    -24   -125   -158   -159   -163   -165   -168   -169   -171   -172   -173   -177   -180
  -183   -184   -185   -186   -187   -190   -191   -193   -194   -195   -196   -198   -199   -200   -201   -202
  -205   -207   -210   -212   -213   -216   -217   -219   -220   -221   -224   -226   -227   -234   -235   -236
  -237   -239   -241   -244   -246   -247   -252   -254   -255   -256   -259   -266   -268   -271   -272   -275
  -281   -283   -286   -289   -292   -294   -295   -296   -297   -298   -299   -300   -301   -302   -303   -304
  -305   -306   -308   -310   -311   -313   -314   -315   -316   -317   -318   -319   -320   -321   -322   -323
  -326   -327   -328   -332   -335   -336   -335   -337   -339   -342   -343   -345   -346   -347   -348   -349
  -350   -353   -354   -357   -359   -361   -365   -372   -375   -376   -378   -379   -380   -381   -382   -383
  -385   -386   -387   -388   -389   -390   -391   -392   -393   -394   -395   -396   -397   -398   -399   -401
  -402   -404   -406   -407   -408   -410   -412   -413   -414   -415   -416   -417   -418   -419   -420   -422
  -424   -428   -432   -433   -434   -435   -436   -438   -439   -443   -445   -446   -447   -448   -449   -450
  -451   -452   -453   -454   -455   -456   -458   -459   -460   -461   -462   -463   -465   -468   -470   -472
  -473   -474   -475   -476   -477   -479   -480   -481   -483   -484   -485   -486   -488   -490   -491   -492
  -493   -494   -495   -496   -497   -498   -499   -500   -501   -502   -504   -505   -506   -507   -508   -509
  -510   -511   -514   -515   -516   -518   -519   -520   -521   -524   -525   -526   -527   -528   -529   -530
  -531   -532   -533   -534   -535   -536   -538   -541   -542   -543   -544   -545   -546   -547   -548   -549
  -550   -555   -557   -558   -561   -564   -566   -569   -573   -574   -575   -576   -577   -578   -579   -580
  -582   -583   -585   -586   -587   -588   -589   -590   -591   -594   -595   -596   -599   -601   -602   -603
  -608   -610   -611   -612   -614   -615   -618   -620   -621   -622   -623   -624   -625   -626   -628   -629
  -631   -632   -633   -634   -635   -636   -637   -638   -639   -640   -641   -642   -643   -644   -645   -646
  -647   -648   -649   -650   -651   -652   -653   -654   -655   -656   -657   -658   -659   -660   -661   -664
  -665   -667   -668   -669   -670   -671   -672   -673   -674   -675   -676   -677   -678   -679   -680   -681
  -682   -683   -684   -685   -686   -687   -688   -689   -690   -691   -692   -694   -695   -698   -699   -700
  -701   -702   -703   -704   -705   -706   -707   -708   -709   -710   -711   -712   -713   -714   -715   -716
  -717   -718   -719   -720   -721   -722   -723   -724   -725   -726   -727   -728   -729   -730   -731   -732
  -733   -734   -735   -736   -737   -738   -739   -740   -741   -742   -743   -744   -745   -746   -747   -748
  -749   -750   -751   -752   -753   -754   -755   -756   -757   -759   -760   -761   -762   -763   -764   -765
  -766   -768   -770   -772   -774   -775   -776   -777   -778   -779   -780   -783   -784   -785   -786   -787
  -788   -789   -790   -791   -792   -793   -794   -795   -796   -797   -799   -800   -801   -802   -803   -804
  -805   -806   -807   -808   -809   -810   -811   -812   -813   -814   -815   -816   -817   -818   -819   -820
  -821   -822   -823   -824   -825   -826   -827   -828   -829   -830   -831   -832   -833   -834   -835   -836
  -837   -838   -840   -842   -843   -845   -846   -848   -850   -852   -853   -856   -857   -859   -860   -862
  -863   -864   -865   -867   -868   -869   -870   -871   -872   -873   -874   -875   -876   -877   -878   -879
  -880   -881   -882   -883   -884   -885   -886   -887   -889   -890   -891   -893   -894   -895   -896   -897
  -899   -900   -901   -902   -903   -904   -905   -906   -907   -908   -909   -910   -911   -912   -913   -914
  -915   -916   -917   -918   -919   -920   -921   -922   -923   -924   -925   -927   -930   -931   -932   -933
  -934   -936   -937   -938   -939   -940   -941   -944   -947   -949   -951   -955   -957   -959   -961   -963
  -964   -965   -966   -967   -969   -970   -971   -972   -973   -974   -975   -976   -977   -978   -980   -984
  -987   -989   -991   -993   -994   -995   -996   -997   -998   -999  -1000  -1001  -1002  -1003  -1004  -1005
 -1006  -1009  -1011  -1013  -1014  -1015  -1016   -657  -1017  -1018  -1019  -1020  -1024  -1030  -1033  -1034
 -1035  -1038  -1042  -1044  -1045  -1046  -1047  -1053  -1054  -1055  -1056  -1057  -1059  -1060  -1061  -1063
 -1064  -1065  -1066  -1067  -1069  -1070  -1071  -1072  -1073  -1074  -1075  -1076  -1077  -1078  -1079  -1080
 -1081  -1082  -1083  -1084  -1085  -1086  -1087  -1088  -1089  -1093  -1098  -1103  -1104  -1106  -1107  -1108
 -1130  -1132  -1134  -1137  -1139  -1141  -1146  -1147  -1148  -1149  -1150  -1151  -1152  -1153  -1154  -1157
 -1161  -1166  -1169  -1171  -1173  -1174  -1176  -1181  -1192  -1193  -1194  -1195  -1196  -1197  -1198  -1199
 -1200  -1203  -1205  -1206  -1209  -1213  -1223  -1234  -1235  -1236  -1237  -1238  -1239  -1240  -1241  -1242
 -1243  -1244  -1246  -1247  -1248  -1249  -1251  -1255  -1257  -1260  -1261  -1265  -1266  -1267  -1268  -1269
 -1270  -1271  -1272  -1273  -1274  -1275  -1276  -1277  -1278  -1279  -1280  -1281  -1282  -1283  -1285  -1286
 -1301  -1302  -1304  -1305  -1307  -1308  -1309  -1310  -1311  -1312  -1313  -1314  -1315  -1316  -1317  -1318
 -1319  -1320  -1321  -1322  -1323  -1324   -825  -1325  -1333  -1334  -1335  -1336  -1337  -1338  -1339  -1340
 -1341  -1342  -1343  -1344  -1345  -1346  -1347  -1348  -1349  -1350  -1351  -1352  -1353  -1354  -1355  -1356
 -1357  -1358  -1359  -1360  -1361  -1363  -1365  -1366  -1367  -1368  -1372  -1375  -1376  -1377  -1378  -1379
 -1380  -1381  -1382  -1383  -1386  -1387  -1388  -1389  -1390  -1391  -1393  -1394  -1395  -1396  -1397  -1398
 -1399  -1400  -1401  -1402  -1403  -1404  -1405  -1406  -1407  -1408  -1409  -1411  -1412  -1413  -1414  -1418
 -1421  -1422  -1423  -1424  -1426  -1427  -1428  -1429  -1431  -1433  -1434  -1435  -1436  -1437  -1446  -1447
 -1448  -1449  -1450  -1451  -1453  -1454  -1455  -1456  -1457  -1458  -1459  -1460  -1461  -1462  -1463  -1464
 -1465  -1466  -1467  -1468  -1469  -1470  -1471  -1472  -1473  -1474  -1475  -1476  -1477  -1456  -1478  -1458
 -1479  -1480  -1481  -1482  -1483  -1464  -1484  -1485  -1467  -1468  -1469  -1486  -1487  -1488  -1489  -1490
 -1491  -1492  -1493  -1494  -1495  -1496  -1497  -1498  -1499  -1500  -1501  -1502  -1503  -1504  -1505  -1507
 -1508  -1509  -1510  -1511  -1512  -1513  -1515  -1517  -1518  -1519  -1520  -1522  -1524  -1525  -1526  -1527
 -1528  -1529  -1530  -1531  -1532  -1534  -1535  -1536  -1537  -1538  -1539  -1540  -1541  -1542  -1543  -1544
 -1545  -1547  -1548  -1550  -1551  -1552  -1553  -1554  -1555  -1556  -1557  -1558  -1560  -1561  -1562  -1563
 -1564  -1566  -1567  -1569  -1570  -1571  -1572  -1574  -1576  -1578  -1579  -1581  -1583  -1584  -1585  -1587
 -1589  -1590  -1592  -1594  -1595  -1597  -1599  -1600  -1602  -1604  -1605  -1606  -1607  -1609  -1611  -1613
 -1615  -1617  -1619  -1620  -1622  -1623  -1624  -1625  -1627  -1629  -1631  -1634  -1637  -1639  -1642  -1644
 -1646  -1648  -1651  -1655  -1657  -1659  -1661  -1663  -1665  -1668  -1674  -1677  -1679  -1683  -1686  -1689
 -1690  -1693  -1694  -1697  -1700  -1703  -1705  -1708  -1709  -1711  -1714  -1716  -1717  -1724  -1725  -1727
 -1731  -1733  -1736  -1743  -1746  -1750  -1757  -1760  -1765  -1767  -1770  -1773  -1776  -1778  -1781  -1783
 -1786  -1788  -1790  -1791  -1793  -1796  -1801  -1804  -1809  -1818  -1821  -1823  -1826  -1829  -1831  -1834
 -1839  -1842  -1844  -1854  -1861  -1862  -1865  -1868  -1873  -1878  -1881  -1892  -1898  -1904  -1912  -1914
 -1915  -1922  -1925  -1928  -1932  -1935  -1938  -1954  -1958  -1959  -1960  -1961  -1962  -1963  -1964  -1965
 -1966  -1967  -1968  -1969  -1970  -1971  -1972  -1973  -1974  -1975  -1976  -1977  -1978  -1979  -1980  -1981
 -1982  -1983  -1984  -1985  -1986  -1987  -1988  -1989  -1990  -1991  -1992  -1993  -1994  -1995  -1996  -1997
 -1998  -1999  -2000  -2001  -2002  -2003  -2004  -2005  -2006  -2007  -2008  -2009  -2010  -2011  -2012  -2013
 -2014  -2015  -2016  -2017  -2018  -2019  -2020  -2021  -2022  -2023  -2024  -2025  -2026  -2027  -2028  -2029
 -2030  -2031  -2032  -2033  -2034  -2035  -2036  -2037  -2038  -2039  -2040  -2041  -2042  -2043  -2044  -2045
 -2046  -2047  -2048  -2049  -2050  -2051  -2052  -2053  -2054  -2055  -2056  -2057  -2058  -2059  -2060  -2061
 -2062  -2063  -2064  -2065  -2066  -2067  -2068  -2069  -2070  -2071  -2072  -2073  -2074  -2075  -2076  -2077
 -2078  -2079  -2080  -2081  -2082  -2083  -2084  -2085  -2086  -2087  -2088  -2089  -2090  -2091  -2092  -2093
 -2094  -2095  -2096  -2097  -2098  -2099  -2100  -2101  -2102  -2103  -2104  -2105  -2106  -2107  -2108  -2109
 -2110  -2111  -2112  -2113  -2114  -2115  -2116  -2117  -2118  -2119  -2120  -2121  -2122  -2123  -2124  -2125
 -2126  -2127  -2128  -2129  -2130  -2131  -2132  -2133  -2134  -2135  -2136  -2137  -2138  -2139  -2140  -2141
 -2142  -2143  -2144  -2145  -2146  -2147  -2148  -2149  -2150  -2151  -2152  -2153  -2154  -2155  -2156  -2157
 -2160  -2161  -2162  -2163  -2164  -2165  -2166  -2167  -2168  -2169  -2170  -2171  -2172  -2173  -2174  -2175
 -2176  -2178  -2179  -2180  -2181  -2182  -2184  -2185  -2186  -2188  -2189  -2190  -2191  -2192  -2193  -2194
 -2195  -2196  -2197  -2198  -2199  -2200  -2201  -2202  -2203  -2204  -2205  -2206  -2207  -2208  -2209  -2210
 -2211  -2212  -2213  -2214  -2215  -2216  -2217  -2218  -2219  -2220  -2221  -2222  -2223  -2224  -2225  -2226
 -2227  -2228  -2229  -2230  -2231  -2232  -2233  -2234  -2235  -2236  -2237  -2238  -2239  -2240  -2241  -2242
 -2243  -2244  -2245  -2246  -2247  -2248  -2249  -2250  -2251  -2252  -2253  -2254  -2255  -2256  -2257  -2258
 -2259  -2260  -2261  -2262  -2263  -2264  -2265  -2266  -2267  -2268  -2269  -2270  -2271  -2272  -2273  -2274
 -2275  -2276  -2277  -2278  -2279  -2280  -2281  -2282  -2283  -2284  -2285  -2286  -2287  -2288  -2289  -2290
 -2291  -2292  -2293  -2294  -2295  -2296  -2297  -2298  -2299  -2300  -2301  -2302  -2303  -2304  -2305  -2306
 -2307  -2308  -2309  -2310  -2311  -2312  -2313  -2314  -2315  -2316  -2317  -2318  -2319  -2320  -2321  -2322
 -2323  -2324  -2325  -2326  -2327  -2328  -2329  -2330  -2331  -2332  -2333  -2334  -2335  -2336  -2337  -2338
 -2339  -2340  -2341  -2342  -2343  -2344  -2345  -2346  -2347  -2348  -2349  -2350  -2351  -2352  -2353  -2354
 -2355  -2356  -2357  -2358  -2359  -2360  -2361  -2362  -2363  -2364  -2365  -2366  -2367  -2368  -2369  -2370
 -2371  -2372  -2373  -2374  -2375  -2376  -2377  -2378  -2379  -2380  -2381  -2382  -2383  -2384  -2385  -2386
 -2387  -2388  -2389  -2390  -2391  -2392  -2393  -2394  -2395  -2396  -2397  -2398  -2399  -2400  -2401  -2402
 -2403  -2404  -2405  -2406  -2407  -2408  -2409  -2410  -2411  -2412  -2413  -2414  -2415  -2416  -2417  -2419
 -2421  -2422  -2423  -2424  -2425  -2427  -2430  -2431  -2432  -2433  -2439  -2443  -2449  -2450  -2456  -2463
 -2472  -2498  -2524  -2541  -2565  -2567  -2568  -2588  -2610  -2615  -2630  -2631  -2650  -2652  -2656  -2662
 -2668  -2687  -2706  -2730  -2734  -2747  -2765  -2766  -2767  -2768  -2769  -2770  -2771  -2772  -2773  -2774
 -2775  -2776  -2777  -2778  -2779  -2780  -2781  -2782  -2783  -2784  -2785  -2786  -2787  -2788  -2789  -2790
 -2791  -2792  -2793  -2794  -2795  -2796  -2797  -2798  -2799  -2800  -2801  -2802  -2803  -2804  -2805  -2806
 -2807  -2808  -2809  -2810  -2811
